[0.1575,
 0.2875,
 0.3475,
 0.3975,
 0.425,
 0.48,
 0.4725,
 0.5225,
 0.49,
 0.525,
 0.5175,
 0.5225,
 0.53,
 0.5325,
 0.5375,
 0.5325,
 0.515,
 0.5475,
 0.5375,
 0.5275,
 0.5075,
 0.52,
 0.5225,
 0.54,
 0.53,
 0.5225,
 0.525,
 0.5325,
 0.5025,
 0.5475,
 0.52,
 0.54,
 0.52,
 0.5275,
 0.535,
 0.515,
 0.525,
 0.5575,
 0.5325,
 0.4875,
 0.525,
 0.54,
 0.5275,
 0.5325,
 0.53,
 0.5175,
 0.4875,
 0.5175,
 0.525,
 0.51,
 0.5375,
 0.5225,
 0.515,
 0.5425,
 0.5375,
 0.5375,
 0.5375,
 0.485,
 0.51,
 0.4775,
 0.5475,
 0.535,
 0.5075,
 0.47,
 0.515,
 0.5125,
 0.5425,
 0.54,
 0.505,
 0.545,
 0.53,
 0.525,
 0.535,
 0.535,
 0.5375,
 0.5225,
 0.54,
 0.545,
 0.5325,
 0.51,
 0.54,
 0.5375,
 0.4,
 0.4375,
 0.4725,
 0.49,
 0.5,
 0.535,
 0.525,
 0.52,
 0.5025,
 0.5375,
 0.52,
 0.5,
 0.55,
 0.525,
 0.5225,
 0.5125,
 0.5325,
 0.505]