[3.826563465595245,
 3.1492989683151245,
 2.585983568429947,
 2.0687191772460936,
 1.582648419737816,
 1.2002872627973558,
 0.8845464935898781,
 0.725433429479599,
 0.5337695457041264,
 0.40177878469228745,
 0.31382131155580284,
 0.2615811470150948,
 0.24529364824295044,
 0.176802323050797,
 0.14266067782416939,
 0.12674176221713424,
 0.10890020748600364,
 0.09595410209149122,
 0.09045106031000615,
 0.07221290040761233,
 0.06701230196282268,
 0.06293827647343278,
 0.05515312295407057,
 0.0616145586874336,
 0.040336283571086824,
 0.04139620956382714,
 0.03330362661741674,
 0.038775795963592825,
 0.04258812277112156,
 0.03054300628602505,
 0.02626864255173132,
 0.031081426127348096,
 0.02099238065071404,
 0.018998917436692863,
 0.020190615561441517,
 0.022870970093645155,
 0.026035353442421184,
 0.031694784837309274,
 0.01729934569215402,
 0.015041252603987232,
 0.028039951778482647,
 0.01510920305037871,
 0.016904530128231274,
 0.013199035486904905,
 0.016297826023073867,
 0.018495882431743667,
 0.013628888771636411,
 0.02504556934873108,
 0.026652248642640188,
 0.030094397636130452,
 0.021559168435051106,
 0.01972672179574147,
 0.021202365005738102,
 0.02092640590504743,
 0.00991936635269667,
 0.006584680729138199,
 0.00821642397728283,
 0.02221450982731767,
 0.0129415613389574,
 0.025679331232677214,
 0.013745732940151356,
 0.013052736548997928,
 0.003907896674354561,
 0.03147478630184196,
 0.02387108640978113,
 0.04848906849976629,
 0.020296558497357182,
 0.006220410675596213,
 0.010386338104435709,
 0.008813116511446424,
 0.003400407618173631,
 0.01074104419676587,
 0.0034372128159884598,
 0.004435828759451397,
 0.0038844185975176514,
 0.004083632443944225,
 0.004483653607967426,
 0.003569273787034035,
 0.006226505673548672,
 0.0062154974474105985,
 0.0040012053633108734,
 0.001664715164442896,
 0.0234389201040176,
 0.10667880122491624,
 0.05945570588577539,
 0.0374775479757227,
 0.014905402539588976,
 0.006752170957624913,
 0.004819440144055989,
 0.007594493190117646,
 0.005973765958697186,
 0.00424251623408054,
 0.0036270601885553333,
 0.005236941349903645,
 0.0024037781119477584,
 0.0022018711419877946,
 0.008234515736985486,
 0.007963503334613051,
 0.011948189725881093,
 0.02183441290690098]